0.16737743667647725
0.6094521044522844
1.2660401616807933
-0.16836647461946236
0.8803216705602814
-1.272292128631431
-1.014555640245415
0.5591732545083089
0.6538932803306868
0.2931138020488787
-0.2545760508761657
0.8422800747300431
-0.9015471396371827
0.49703326439611256
-0.14543138977533385
-0.06597374498556613
1.1608780270657393
-0.020573092770726626
0.8975465045712113
-1.3296798616462473
-0.24049345616688694
0.6092092455713586
0.4495234026424771
0.4082109125477829
-0.1235319940899524
-1.0081575430889074
0.2580702343320655
0.8427266085682225
-1.6766256788369944
-0.48929391098630043
-0.059141247191007836
0.3883349378872888
0.14544428401677534
0.0751465321560726
-1.6710998525717182
0.5401579492185267
-0.4522906313811881
0.5371458447639648
0.1058158037560446
-0.5299424191010031
-1.7712371148741861
-0.20177910016380377
0.42439041700867625
1.6924589522244622
-0.08942579228368988
0.34755187739227095
-0.3368684875425451
-1.0530529707868796
-0.3037099671347923
0.20376384980256407
0.608896461094203
-0.1772306457392049
-0.11620708904039878
0.8867678111976647
0.39212205458787613
-0.04974794908806178
-0.08195377471809244
1.0110343624512952
-1.709076094779949
-0.7140904096724606
-0.596848014776931
